1,147
57,4
57,3
57,2
57,1
57,0
2,144
56,4
56,3
56,2
56,1
56,0
1,146
1,145
55,5
55,4
55,3
55,2
55,1
55,0
1,144
3,143
54,5
54,4
54,3
54,2
54,1
54,0
3,142
3,141
53,5
53,4
53,3
53,2
53,1
53,0
2,143
1,143
52,6
52,5
52,4
52,3
52,2
52,1
52,0
3,140
2,142
51,5
51,4
51,3
51,2
51,1
51,0
1,142
2,141
1,141
3,139
1,140
50,4
50,3
50,2
50,1
50,0
3,138
2,140
3,137
2,139
1,139
2,138
49,4
49,3
49,2
49,1
49,0
1,138
3,136
1,137
3,135
2,137
1,136
48,5
48,4
48,3
48,2
48,1
48,0
3,134
2,136
3,133
2,135
1,135
2,134
47,4
47,3
47,2
47,1
47,0
1,134
2,133
1,133
3,132
1,132
46,4
46,3
46,2
46,1
46,0
0,51
0,50
3,131
1,131
3,130
2,132
3,129
45,5
45,4
45,3
45,2
45,1
45,0
2,131
3,128
2,130
1,130
2,129
44,5
44,4
44,3
44,2
44,1
44,0
1,129
2,128
1,128
43,5
43,4
43,3
43,2
43,1
43,0
42,6
42,5
42,4
42,3
42,2
42,1
42,0
41,5
41,4
41,3
41,2
41,1
41,0
40,4
40,3
40,2
40,1
40,0
5,6
39,4
39,3
39,2
39,1
39,0
38,3
38,2
38,1
38,0
5,5
5,2
5,0
37,5
37,4
37,3
37,2
37,1
37,0
36,3
36,2
36,1
36,0
35,4
35,3
35,2
35,1
35,0
34,4
34,3
34,2
34,1
34,0
33,5
33,4
33,3
33,2
33,1
33,0
32,5
32,4
32,3
32,2
32,1
32,0
31,5
31,4
31,3
31,2
31,1
31,0
30,3
30,2
30,1
30,0
29,6
29,5
29,4
29,3
29,2
29,1
29,0
28,5
28,4
28,3
28,2
28,1
28,0
27,4
27,3
27,2
27,1
27,0
26,4
26,3
26,2
26,1
26,0
25,3
25,2
25,1
25,0
3,63
2,63
24,5
24,4
24,3
24,2
24,1
24,0
3,62
2,62
1,63
23,3
23,2
23,1
23,0
2,61
1,62
3,61
22,3
22,2
22,1
22,0
1,61
3,60
2,60
1,60
21,3
21,2
21,1
21,0
3,59
2,59
1,59
3,58
20,3
20,2
20,1
20,0
2,58
1,58
3,57
2,57
19,3
19,2
19,1
19,0
1,57
3,56
2,56
1,56
18,3
18,2
18,1
18,0
3,55
2,55
17,3
17,2
17,1
17,0
1,55
3,54
2,54
1,54
16,3
16,2
16,1
16,0
3,53
2,53
15,3
15,2
15,1
15,0
1,53
3,52
2,52
1,52
14,3
14,2
14,1
14,0
3,51
2,51
1,51
13,3
13,2
13,1
13,0
3,50
2,50
1,50
12,3
12,2
12,1
12,0
3,49
2,49
1,49
11,3
11,2
11,1
11,0
3,48
2,48
10,3
10,2
10,1
10,0
1,48
3,47
2,47
1,47
9,3
9,2
9,1
9,0
3,46
2,46
1,46
1,2
1,0
3,45
3,2
3,0
8,3
8,2
8,1
8,0
0,9
2,45
2,2
2,0
5,3
4,3
7,3
0,2
0,0
1,45
3,44
2,44
1,44
3,43
2,43
1,43
3,42
2,42
1,42
3,41
2,41
1,41
3,40
2,40
1,40
3,39
2,39
1,39
3,38
2,38
1,38
3,37
2,37
1,37
3,36
2,36
1,36
3,35
2,35
1,35
3,34
2,34
1,34
3,33
2,33
1,33
3,32
2,32
1,32
3,31
2,31
1,31
3,30
2,30
1,30
3,29
2,29
1,29
3,28
2,28
1,28
3,27
2,27
1,27
3,26
2,26
1,26
3,25
2,25
1,25
3,24
2,24
1,24
3,23
2,23
1,23
3,22
2,22
1,22
3,21
2,21
1,21
3,20
2,20
1,20
3,19
2,19
1,19
3,18
2,18
1,18
3,17
2,17
1,17
3,16
2,16
1,16
3,15
2,15
1,15
3,14
2,14
1,14
3,13
2,13
1,13
3,12
2,12
1,12
3,11
2,11
1,11
3,10
2,10
1,10
3,9
2,9
1,9
3,8
2,8
1,8
3,7
2,7
1,7
3,6
2,6
1,6
3,5
2,5
1,5
3,4
2,4
1,4
3,3
2,3
1,3
0,6
0,5
0,47
0,46
0,49
0,48
0,45
0,12
0,10
0,8
0,11
0,7
0,4
0,3
